4d0b044bf608721e459a390f,5
50a50dd0e4b09550e3969e23,4
4fe549bee4b09df1e84ab93e,3
4d99ead4647d8cfac2ee123e,2
4cdfccd278ddf04dd3f9a298,2
4b6d55dff964a52091712ce3,1
50027c6ce4b0c432cf0fc3a1,1
4bf3d4eed2fbef3b05b1a4c5,1
4e5355f68877863330a1519f,1
4b768962f964a520f5502ee3,1
4d046ec926adb1f721c3d270,1
4bd1b7185e0cce723fe1a184,1
4b7fc5d2f964a520223d30e3,1
