4bd105ee41b9ef3b0965fbe5,3
4b89fe88f964a520a35a32e3,2
4be5aaa72457a59396cbab15,1
4c445b7af0bdd13a0f6ac9cc,1
4cd631402944b1f7f6ea61ec,1
5082e1ece4b0975a3dc24d21,1
4be734c0d4f7c9b64f9b2720,1
50bfb558e0e2695095f39a95,1
4f233659e4b067a325930f4a,1
4f80e896e4b050ced650eabd,1
4be5a8c0910020a1d344d314,1
503c0a50d63e168c55644b24,1
4d4f2e575fb0b1f7aab78291,1
4c7d890d3b22a1cde6435f9e,1
4c6db6edd5c3a1cd5957c62b,1
4e0f98c052b1b27c1b925a2f,1
4e59741a18a8c204750cb829,1
4d192613302da1cd2315c893,1
4e317ff945ddbe0f66602058,1
4ed6b80a4690bd08d7eb0364,1
4bdf86ad6198c9b60eae17ff,1
4ded417cae6052cbed027a07,1
