4bd40aba462cb7135eaddf07,4
4c247f08b7b8a5934b873ce8,4
4dbc267e6a23e294ba2623ad,1
51417834e4b0ecff197ea2e9,1
4bd532ea4e32d13a9d92c080,1
4d8ce5e65091a1cd4b4f6b01,1
4f1397447bebcec5ad34fa71,1
4f62f4f4e4b0ea77cc0eb6ba,1
4d417aa24acd236ac936faa9,1
5019a0d2e4b07abf17bb7609,1
4b7e6348f964a5201beb2fe3,1
4b6c1421f964a520b4222ce3,1
51417bf0e4b09364e12dfcae,1
5121e3e2e4b027b3af29e975,1
4e9d762593ad6455cb3246d1,1
4dc11a9352b1877d85abc1bb,1
