4ddff06a45dd95acd4fc7db3,3
4c254ed7b7b8a59369133ee8,1
4b5b64fff964a52091fa28e3,1
4b5cb1dff964a520ee3e29e3,1
4b0785cdf964a52074fe22e3,1
4cf1ba831d18a143f39155ec,1
4f7a35b7e4b07999dc2141c1,1
