4b63faf3f964a520b7992ae3,32
4c8adeb59ef0224b66335f7b,16
4ce3e8eebebd37046cd3a2a0,8
4b601594f964a52051d529e3,6
4e3ffa691f6e84423205598f,5
4b3a9f23f964a5205b6b25e3,5
4b6c5eeef964a52074342ce3,5
4e7fab494690db1d41b69311,5
4c42d472a5c5ef3b0997b06f,4
4d5b0aac338e548198d2e38d,4
4e252209cc3fd40fdb74d6a9,4
4b6e7843f964a520a9be2ce3,4
4c918c29ae45224b1114e997,4
4bb9d655b35776b03e2fca01,4
4d68eb5b67a8f04d1dcb06be,3
4b7e9185f964a5202ff32fe3,3
4b5cc368f964a520d44229e3,3
4f52e8aee4b0195da4664d99,3
4c7d8d799221236adaa67f3d,3
4ba8bbdbf964a520aeea39e3,2
4b64c29af964a520ffcd2ae3,2
4ca2b452b0ff8cfa3d5fb15e,2
50d5a66fe4b09e2e5528f826,2
4d15bb21401db60c14cee1a4,2
4b59adacf964a5204f9228e3,1
4b583b11f964a520c84e28e3,1
4c8751b751ada1cddcd84610,1
4b60ff85f964a52047052ae3,1
4b8a4042f964a520af6532e3,1
4c9272839199bfb7e3a814df,1
4b9735b0f964a5203cfc34e3,1
4b5c14c9f964a520892329e3,1
4c20960363750f47cabbbc67,1
4e3d117762e19d6109692e77,1
4b5fd60af964a52059ce29e3,1
4be0f9f9a7380f47bd0a19b0,1
4ba83630f964a52085d139e3,1
4b8a1150f964a5206c5e32e3,1
4b5a5856f964a520d2be28e3,1
4b87bdbaf964a520afc931e3,1
4b640f7df964a520529d2ae3,1
4c03cb6f310fc9b62e53c661,1
4d6c6b787f1c548175316952,1
4cda88c7958f236ad751a703,1
4f1fc64fe4b03be7a4e9deac,1
4cdcabd4df986ea8ef63d116,1
4b599103f964a520d18c28e3,1
4b612399f964a520ec0a2ae3,1
50bc21b7e4b0610554cb9016,1
4bdec651e75c0f4734b5c803,1
4b3b12f7f964a520b57025e3,1
4d68f4e8342b8cfa75bec12c,1
4b5cfda1f964a520fe4d29e3,1
4e6b64281520f3f52455ed9a,1
4b92333af964a520fceb33e3,1
4b650176f964a520fdde2ae3,1
4cd8a7263ec4b1f706cabf3f,1
