4b540022f964a52040b027e3,93
4b263543f964a520297924e3,6
4c1fb321920076b08929c5e9,5
4f2ac99ae4b00359243eb77d,4
4c0791d08b4520a1740d8797,4
50e48595e4b0f6f2e88e81b7,2
4a2703c8f964a52066851fe3,1
4a27071df964a520f88c1fe3,1
5005ac84e4b0029cc2990643,1
4a56245ff964a52085b41fe3,1
4b0e9b9cf964a520e75823e3,1
4de1155745dd3eae877e2171,1
4a270036f964a520b1821fe3,1
4a27db91f964a52093941fe3,1
4d9f4ce483f0b1f7ac8996c7,1
4a27db93f964a5209a941fe3,1
4a91225ef964a520c81920e3,1
4cacd0cc97c8a1cdd623a4a5,1
4d275b9055a8b60c0123c3c0,1
4bd5ee809649ce7290b5511d,1
50cc8d7c498e9af65b806d53,1
4a6efe26f964a52029d51fe3,1
4db55b8a93a017099de94f9b,1
4b80284af964a520ac5730e3,1
4a27db92f964a52094941fe3,1
4b058d68f964a5201bdf22e3,1
509165f4e4b0263faefd2f4c,1
4ec8dc5377c8be492448b563,1
4a26ff56f964a520227f1fe3,1
4be6c263bcef2d7f346a05e5,1
4e380d3c1838d056d2785905,1
4a26ffbff964a520d6801fe3,1
4a26ff6af964a5208d7f1fe3,1
4d02247558245481ae5049ac,1
4a26ff58f964a5202c7f1fe3,1
51177a1be4b0665ce6e6fb60,1
4a26ffc8f964a520f8801fe3,1
4a27064bf964a520918a1fe3,1
4be1eb13ae55a593bffb5b62,1
4cfe0b22feec6dcbe8805536,1
