4b990ee3f964a5208e5e35e3,9
4b61cfa5f964a52073242ae3,7
4bd864cedc4b9521cf017988,4
50fb516ee4b0d36ca6e9b55e,4
4f243eb6e4b006e5c1f1292c,3
4b09c2c5f964a520151d23e3,3
4bcb5bdb3740b713ee536265,3
4ca100892fb1a1434f510141,2
4c28d0ec360cef3b3e28bedc,2
4bc0a44e4cdfc9b6d5259321,2
4b8e9913f964a520fa2a33e3,1
4b0586e1f964a520f97222e3,1
4afd5833f964a520652722e3,1
4ad4c06cf964a5201bfa20e3,1
4b0586e1f964a520167322e3,1
4b09b0b2f964a520b61b23e3,1
4b68a9fef964a520d2852be3,1
4b0586e0f964a520c47222e3,1
4b24714af964a520926724e3,1
4eea41dff9ab8fc95ee9bf2f,1
518bc741498ed9fff64d2661,1
4b37d7eff964a5204c4725e3,1
4c87e071b2138cfa98434d44,1
4b080deaf964a520fb0223e3,1
4ce16b9d94c3b60ce49576ea,1
4c8fa7a21992a1cd23c3e7fb,1
4b4e4182f964a52009e726e3,1
4b3ba83af964a520207825e3,1
4c479e26699476b0e562b221,1
4b0975d9f964a5209a1723e3,1
4b0586e3f964a520867322e3,1
4b47ce58f964a520803f26e3,1
4fbbc0e2e4b04026275a2bc2,1
4faa9ecf6d869e618175c806,1
4b0586dff964a520817222e3,1
