4f861e4fe4b0d85ee5af537b,58
4b5195c6f964a520255027e3,7
4d9cb28b83f36ea8d081a794,7
4ef707e402d5abdcbb1c9dd5,4
4f384cfce4b039c3c3683405,4
4d37f9740f81b60ce3ae3b3a,2
4e667207aeb7e985aa537dff,2
4de765d0fa76396142658235,2
4da42fb163b5a35d825c201a,1
4e6c8e9f7d8b2c711b525e54,1
4f55ba06e4b0387c248edbe8,1
4e21ac3e483b041af1ef1079,1
4bc898d72f94d13a42ec137f,1
4ef706db490124bf9929d86f,1
51e01291498e986cd9326308,1
4e0e47e462e1d5a30cffe13c,1
4d387d7c9516236ab7c89651,1
4be81938ee96c9288ea3fdbf,1
4eaa6efae5fa45480da2faf1,1
4ca347355720b1f7253430ef,1
4eb3dd8b4901cef9d7d41817,1
4ed2afc25c5c9528fc052244,1
