4d90574fc479a35d854b6f97,84
4c5647082308be9a02bb566c,35
4d3fe2a3255d8cfaaad45f05,27
4e217310d164740632062a37,26
4b6b9f03f964a5200d132ce3,26
4bb8258d7421a5938c97c140,25
4b5a2aabf964a52080b128e3,20
4b3b3bfef964a520af7125e3,19
4b5e0e6af964a520427b29e3,18
4f72f471e4b053123f57809f,16
4ef830c61081d088d8b4bd3a,15
4b57aff7f964a520f23b28e3,11
4c7a399c81bca0938ce1ff14,11
4b5abbebf964a52083d228e3,11
4ff35dd6e4b0211bc118ab8d,10
4c6a0b77d0bdc9b62eb3a70b,9
4b87a456f964a52071c531e3,8
4ba5a9daf964a5205b1a39e3,7
4f0d0506e4b09cffff6d59ce,6
4da78c676a2364c7a34108a9,6
4e4b5499b61c745d8aeebc15,5
4b5ac7bdf964a52052d428e3,5
4bef9fe7ea570f4713988fd2,5
4b64ed00f964a52028da2ae3,5
4f0784d0e4b0aa2dc56a24b7,5
4b921146f964a520bbe533e3,5
4b8a0783f964a5206c5c32e3,4
5114da8fe4b0cde3cf4b2fb2,4
4bbaedff935e9521dda42890,4
4b582a5ff964a520ad4c28e3,4
4c837d80e602b1f75827a67a,4
4ecb93e5775b4671dbb60c14,3
4ba859d7f964a520a8d739e3,3
4b55822bf964a52008e627e3,3
4bc968b2511f9521d5bfadc7,3
4b5bcd19f964a520f71629e3,3
5156acaae4b0bf32f222fba0,3
4ba1c5b9f964a520adcb37e3,3
4b593dcbf964a520b08228e3,3
4c3943760a71c9b6875542c9,3
4e657efac65b2dc8a0eea76c,3
4b54a04ff964a5207bc327e3,3
4c46986a417b20a1832edba9,3
4c66393ae1da1b8d82919ac3,3
4b6237e3f964a520da3c2ae3,2
4ecf24030aafd1868d6c6d4c,2
517680c0498e08069fd01013,2
4bb5c99d2f70c9b6b1818430,2
4d8ea3d33bfef04dc1099e86,2
4d83a77aace28eec48681597,2
4bca871bb6c49c74a7d19091,2
4d042ebf28926ea8bf316ac2,2
4d8cb74bd00a6ea83fb1904f,2
4bc937a1937ca593958da592,2
4b93638cf964a520584234e3,2
4c524b82d797e21e5de3767d,2
4b5e310bf964a520d38229e3,2
4b72d508f964a520d48a2de3,2
4b8a84d4f964a520597032e3,2
4e0fd4a9d22d8582bdcd2821,2
4cf706040a71224bb07c2193,2
4b8fa0a5f964a5208f5a33e3,2
4c2001ad8b3aa59366619e5f,2
4cf4e979c9af6dcb3985ae7f,2
4b601822f964a520acd529e3,2
4c819aa347cc224b97357e9f,2
4d1add181683a143226f7851,2
4b5c075ff964a520b12129e3,2
4b9f1f2ff964a5209c1437e3,2
4f965730e4b0d010ab6258e3,2
4cb0e840eb65b1f7d46d70cd,2
4b6014d6f964a52042d529e3,1
4d58a27c380ab1f7b4c00af5,1
4ba7eb62f964a520b3be39e3,1
4e1b14f52271aba9379b6346,1
4cb28ff9ef1b3704fe514c00,1
4eb3dcce5c5c5a531f4f1971,1
4bee5add2c082d7f5a5b3042,1
4cd3fed453665481ce102aed,1
4b679ddbf964a520f2572be3,1
4b596fc1f964a520368828e3,1
4da9905c6e81162ae7bf8c31,1
504a9fa0e4b04421f2720b45,1
4be14f870365c9b6a749b338,1
4c5d38966147be9ade729109,1
4f7e3ac1e4b05c076a2c7511,1
4b67aa98f964a5201d5a2be3,1
4b6295f7f964a520194c2ae3,1
4f10e82ae4b067f66f10c8b1,1
4bb3339d4019a593da9c37b8,1
4b569bc2f964a520991628e3,1
4b6b9023f964a52014102ce3,1
4ba830b6f964a5205ed039e3,1
4c16ec35daf42d7f0a014566,1
4ed772906da14054c2b129c0,1
4c9d6c7ad3c2b60c0285c1bc,1
4e31d2c162e1d3ed6512b3cb,1
4b62849ef964a520394a2ae3,1
4c7a3ec9df08a1cdfe3cdd5d,1
4b74e160f964a52094f62de3,1
4b580508f964a520c24828e3,1
4c41bcccce54e21e35780b1a,1
4ee0329e6da1d9fae2f00980,1
4de21d228877bcb6863c7027,1
4b873aaff964a5208ab731e3,1
4b888092f964a520a6fc31e3,1
4f3753a8e4b00af179ea2d45,1
4f1243a4e4b019e992181842,1
4cca016f82bfa35d2e2150c9,1
4ba4a189f964a52089a838e3,1
4ba89527f964a52013e139e3,1
4cad0f4ca6e08cfa97d5b094,1
4eb8f60adab4fe51132024ef,1
4dc0a936c65b268b41ca6025,1
4b7cae2ef964a520eba02fe3,1
4e83e4d561afba72229b1b02,1
4f865cf97b0c52b5069835a0,1
4bf74b44508c0f475b7a3d31,1
4c249a40f1272d7fa23b83c5,1
4e2139b1e4cdf68591837639,1
4b5ac7e2f964a5205ad428e3,1
4de0c335e4cd846e4090ca6c,1
4b62f93ef964a520a85b2ae3,1
4d87ffd199c2a1cd227d5fd7,1
4c9340ac418ea1cd7ba8ab85,1
4bed3fb33372c928d6501114,1
4b598177f964a5207a8a28e3,1
4db96f1e6e818f67a9be57ae,1
4f5ed508e4b0e5574b4ea916,1
4f8d44c5e4b0b14f6c902c32,1
4b5ed32cf964a520fd9929e3,1
50a5e1fae4b0050ef4d02c99,1
4b5ea706f964a5200a9529e3,1
4e59ab8018a8c204750ff28c,1
4b63ee05f964a52082972ae3,1
4d2be66d068e8cfa136ee74c,1
4b8c7d3bf964a5205ad332e3,1
513847d6e4b01fe62b569f6e,1
4e3d165218a83d5b283f14b6,1
4baeeee8f964a520ace23be3,1
4df3598c6284fefe8fc1e3ca,1
4b5ab40bf964a52069d128e3,1
4b736caaf964a520cead2de3,1
4b6003c4f964a52049d329e3,1
4c1c6b9eb4e62d7fc01edb93,1
4b766ea1f964a520484c2ee3,1
5077f283e4b0112fc2903d63,1
4c4c320e9c8d2d7fb3b60f6c,1
4b99f4def964a5209f9835e3,1
4d7b5b12da568cfa7b004fff,1
4da86a984df0af29b70ced9e,1
4c157d8582a3c9b6fbfcfef8,1
4d5690ae58856dcb5657596d,1
4d2efcc94377224b3e2b1338,1
4d1a0175bb488cfaf1a3c1d4,1
4b5c25d1f964a520b72529e3,1
4d5a4f41e092a35d3939090c,1
4e3cdb0ea809ba757c02c254,1
4d71e071d976236a4f20fe78,1
508df481e4b07c9fb20afc49,1
4b64cd6ff964a52043d12ae3,1
4e56dbb9b993bf36edf9dc55,1
513ac863e4b0a1e3064f19af,1
50a5e269e4b08d8e7c954b83,1
4ba45fe2f964a520689938e3,1
4bee19d8767dc9b6ec0ad4e9,1
4b778a41f964a5209aa02ee3,1
4e15bebf091a2112063126d4,1
510f3fa5e4b0150a661a100c,1
4c1d9deefcf8c9b6b62aac0b,1
4b726acaf964a520597a2de3,1
4c09e7f3ffb8c9b643d16a61,1
4b70f2d8f964a52067352de3,1
4b5bff0af964a520952029e3,1
4ed1d5006c2510ace2b8e850,1
4d9ecc412052f04dfec8bc94,1
