4e1e62971fc7259ef8af9465,35
4bfa3a885efe2d7f58556d34,33
4e8d4d7ba17c045d529d28fd,17
4ee72993b634710b8d6d36bd,16
4f3a3e91e4b05a1569a1ccf8,15
4cdb7b70d5495481c2883cb2,12
4d9ec5cd9b91a1cda3fd5cc0,10
4e8eaf6b7beb4170a3b99235,9
4f3ce474e4b0c0ca466ba0fa,9
4cadbca855238cfa55f9b3fb,8
4ecb75370e011bec7a50452c,8
4b8b5059f964a520ed9b32e3,7
4e8d379c7beb42eabde63508,6
5051c991e4b0506022b9cbe1,6
4e8d49bca17c045d529cce68,5
4e8d4fcba17c045d529d625e,5
4f4dbf1ce4b0c132f6947952,4
4f3bafc4e4b0cdda845fb4a7,4
50a0e4e4e4b0fe0aa6972105,4
4c4257947beab7133bd09555,4
51173f51e4b0eb6a9ca9ed17,4
4d22f740bcbf2c0ffc5b9be4,3
4e8be9c4d5fba9cfbc5a07f0,3
4f48b7abe4b0cf7a06904406,3
4f426e24e4b0102f0faec2d3,3
4f262700e4b04d36dfa35498,3
4bc13f90b492d13ac8dea560,3
50c73564e4b08bcba066aba4,2
4c5787286201e21ef42be86e,2
4e8d36b07beb42eabde61e9e,2
4cb068ebdd619c74028de390,2
4bc47196abf49521c600c593,2
4b8472c1f964a520103631e3,2
509f4090e4b0bbf776d1cd99,2
4ea6d2d1f7901bf0ae4c0116,2
4bfa17e85317a5938c46027f,2
4bf51d76370e76b042a6bd4a,2
4e4062c0aeb798c6bf34b87b,2
51447c47e4b07022e6184b6a,2
4fc228dae4b021b6e0167b9e,2
4b58329cf964a520ac4d28e3,2
50bb2572e4b0cdd4bc5b5480,2
4fd08657e4b094a75527ab63,2
4b835901f964a520620331e3,2
4bacd508f964a52028103be3,2
4cb18bdab4b0a35d2cc852ce,2
4cb0672eeb65b1f79a8d6bcd,2
4f58a6cde4b01aa76a8efaf3,2
50c453dde4b009e3bca56282,2
4b8a3e0ff964a520636532e3,1
4bd596f1637ba593139af670,1
4c7122309c6d6dcb117fd47a,1
4c197f749990d13ad23f7c17,1
502df206e4b045150a07a17f,1
4fcb7643e4b0c4b6a6a5016d,1
4bd4145d9854d13a480fff4d,1
4f142ddce4b0aabf1a72d177,1
4be68324d4f7c9b619d82620,1
4be952ba4485d13a312494ee,1
504fe869e4b0bb1cafb28ecc,1
50c04340e4b0f8e3c779f37a,1
4c4febde2a73c928078aa1d1,1
50bf595ce4b0b6fd9f7f7fd3,1
4d93d9da9ef2721e1252c9d2,1
4c1e01edeac020a1360949c2,1
5138953ae4b04d8c196cd6ed,1
4fc0f7eee4b045c5b507b461,1
501b781ae4b0cf5a53c0ab1b,1
4bdfc42f0ee3a5938a5835b0,1
501bb0e0e4b01951efe01910,1
4f1ff699e4b0512ede193f5d,1
4c7e1c49b33a224bd5edd981,1
516cb048e4b0629380b43343,1
4f35df65e5e888d39e972f17,1
4ca949795a1e952117c68cce,1
4fab9ba7e4b0af50a83da3f1,1
50a1f222e4b02fa534409220,1
4c3feb39af052d7f07237b79,1
4fc65613e4b0b925af5d575d,1
50b309ace4b0f78dc0bb8f4f,1
4fbc77e2e4b000527be145a8,1
4d2f194d4377224b7c4a1438,1
4bf5fe03c07c9c74ff55bbef,1
4c3dd16b933b0f478be2e521,1
4bcd7726cc8cd13a5695c2cf,1
4c034f3e310fc9b6f2cfc561,1
4fd70bb4e4b0d1cc32ab3db1,1
4bdeed01e75c0f474b48c903,1
4c219da911de20a1d7a983ce,1
4fcda49ae4b0f3e4b819e502,1
50a61da0e4b04eb9cbef1f4c,1
4d6b3bef9f4b6dcbd7236e28,1
505e887fe4b0533a72254fdf,1
4f56316ae4b0b1a430e2575f,1
4c1635217f7f2d7fa690e368,1
4cf73ff966585481fe0bce98,1
4bf93b015efe2d7f21da6b34,1
4bfca15cf7c82d7f4f218d04,1
5141613ee4b018ed83569144,1
5084d9a0e4b0f51bc7b5d20b,1
4dd7bfd3fa76ad96d12bae47,1
512cb5d7e4b049302c232993,1
4bbdcbffa0a0c9b62dfa1b0f,1
4c79d60f278eb71396ae5580,1
4c10c687ce57c928935182d2,1
4c07f869ccf6d13a1fc45700,1
4be569bdcf200f471725133c,1
4e3762dce4cdedd4a1b1cf59,1
4c99209b9818ef3b9ad619fa,1
4d4651a29c426a31542dac8c,1
50bc6aace4b0f4ad3de772ff,1
4d3b9621557d6dcbbb303244,1
4e2ffdc3b0fbdc2b650667b7,1
4baf3c8af964a520cdf23be3,1
515ee3a9e4b02363553c786c,1
4e8bc3dbd5fba9cfbc5576f3,1
4d4cf5def06a8eec3b427583,1
514c2d37e4b0f4bc2bbdcca3,1
4ff03861e4b0e198332b1d55,1
4cf489e91d18a1436ea866ec,1
4c6d9b4f65eda0933f204fd0,1
4be3ee63b02ec9b68d9750c0,1
4c92dfaaebc99c74d646c1cf,1
