4f83d208e4b07f6eb8f78907,41
4f86b490e4b05dd5646283de,10
4f8edbb1e4b018d8f6a99a44,4
4e143012ae60fe00dfdcb671,2
50867cb1e4b0fd096e26487f,2
4b7d1e7cf964a52039af2fe3,2
4d27b6d7068e8cfa71bfbd4c,1
4b772ad6f964a52030842ee3,1
510bce23e4b033507745618e,1
4c126d39a1010f478ecf4818,1
4b474aa0f964a520442e26e3,1
50a54a35e4b016b10a0c7124,1
4c7fb90ef4cf9c748614a5a0,1
4cf237f9899c6ea84b43f5c1,1
4dec901988774880e3519c0b,1
4d0a0bf95edd5481cb84039b,1
4d9dacd2d19f8eec7a949ee1,1
4e010603b0fbdf39a4561789,1
516a78af45b0a6a9a2dce50a,1
4c8b5ab03dc2a1cd9570b532,1
4e05f2ad1f6e21103383153d,1
4f4a3daae4b0156c3090a935,1
51ddbf47498e30e1d8417baf,1
4b504a38f964a520e01f27e3,1
4c75fc7b2db5236a4eb5be79,1
50733748e4b0b4fa5cf7c230,1
