4d4f65f77ee1a35db1227b34,34
4eab58c7b6347a596a73e11d,9
501237bfe4b0abd874bf3101,8
4ba068c6f964a520866c37e3,7
4d1d8de486e154810f57a13a,3
4bf5f56b5e800f472ba5e6d4,3
4b9c940af964a5201d7136e3,3
51665104e4b01b049d7772aa,2
4f850f97e4b0657ba75ce649,2
4c1b787155e4c9b66c564923,2
50c32ca4e4b0e121077ffbe6,2
4da25064bf22a143e22db0f8,2
51029db8e4b0dca17f230dfa,2
4cdb9da4cea2224be8b5864c,2
50ba48efe4b0f3072b3606c2,1
50befcc4e4b0c148fe2529d9,1
4e623a101495676d55a28f2a,1
4f9cf19be4b033ffd456397c,1
4eca500b722e1437999e3141,1
4e40d1deb61cdcbed358fc93,1
517f4898e4b01090df89a04f,1
50b306d3e4b0731875d03740,1
50440849e4b05e5c107c9a30,1
4eb744dc8b81a81f91577e65,1
4eb8cad52c5b53141bc034b2,1
4d42d05b85c1721e4caae292,1
4f31f044e4b0f41ae81d6d5c,1
4e29ae8caeb75df8cab8fccb,1
4c8f09ae1992a1cdfad6e2fb,1
4cd65ad5a42b236a7e90f508,1
4deebbf945dd29e2688f039b,1
4cf10fa61d18a1435ba250ec,1
4cc3f8a43d7fa1cd492aa95f,1
518de0b4498e5408730b9bc8,1
4de500d552b1d38d29aa4652,1
4eb2248e29c2b0499aa84457,1
51696aa7e4b0782ebaac1e4e,1
4f71a7ace4b070bfab0ab89e,1
4c2de35c260bc928b9aa1ad3,1
4bbc4257afe1b713e536304b,1
4d2bea79888af04d2826e4af,1
4ddfa377227140b905053e9b,1
4ee5a4338b81bab284927279,1
50e7f94fe4b05e34387c8cc4,1
50fcccefe4b0192e04a3c793,1
